avg_press    volume
35847.68169725579 34575.539
nan 35216.25300000001
25912.859105110776 35864.83400000002
22927.83635976838 36521.33000000001
19433.046886958713 37185.789
nan 37858.25800000001
14706.253762462235 38538.786
13205.395688947634 39227.42099999999
11655.530290873614 39924.211
9892.61729410876 40629.202999999994
nan 41342.445999999996
7543.558557074522 42063.988000000005
6101.308159025681 42793.87699999999
5571.215984743203 43532.161
4230.7295099320245 44278.886999999995
3704.7929025226586 45034.104000000014
2622.294197822507 45797.85899999998
2206.6874425011692 46570.20200000001
2233.4406230112413 47351.179
1458.2559754298652 48140.83900000001
1228.507832029975 48939.22999999999
650.4751396594842 49746.40000000001
509.3501125606559 50562.39599999998
150.73231294461476 51387.267
-25.940865855786505 52221.060999999994
-41.666106294454806 53063.82499999998
-546.3111873245241 53915.60899999998
-516.9417524649447 54776.45900000003
-394.1904317449191 55646.424
-400.8154835185647 56525.550999999985
-363.28848657373976 57413.89000000001
-261.1327348262137 58311.48699999999
-347.51571963431263 59218.39100000003
-191.87502018780214 60134.648999999976
-228.88661337047833 61060.310999999994
-409.40199833631925 61995.42299999998
-527.958085596274 62940.03399999999
-677.2780232716465 63894.19200000002
-754.4146706454701 64857.94400000001
-867.5249615767549 65831.33900000002
-997.3180720256962 66814.42500000002
-1051.7624039807363 67807.25
-1097.4024939337658 68809.86199999998
-1089.1636211639693 69822.30799999999
-992.916043361216 70844.637
-1054.5404008876637 71876.897
-1042.158202289168 72919.13599999998
-847.7687969790823 73971.40099999998
-782.3819750152732 75033.741
-730.9051085400113 76106.20400000001
-666.331157525603 77188.83700000003
-622.9164778057329 78281.68999999997
-609.103619884645 79384.80899999998
-617.2438145556961 80498.24299999999
-624.2752653246954 81622.04000000001
-555.3059568814185 82756.24699999999
-467.09302435278454 83900.91299999997
-428.1033847944339 85056.08599999998
-413.25938691744983 86221.814
-423.02045802177014 87398.14400000001
-393.96719624301704 88585.12600000002
-384.95295398286686 89782.80600000003
-367.5011834589524 90991.23199999999
-360.1333558598912 92210.45399999998
-341.4177507945388 93440.51800000001
-326.6660133651721 94681.473
-310.2734296094557 95933.36700000003
-294.780930953696 97196.24799999998
-288.08771761090526 98470.16299999997
-282.85223838226625 99755.16100000001
-262.87846576104687 101051.29000000002
-248.07393428961424 102358.6
-230.22901604462487 103677.12999999998
-205.92196497667484 105006.93999999997
-267.7403950053816 106348.07000000005
-242.89178266759527 107700.58000000002
-228.19273994761255 109064.5
-211.757987111518 110439.88999999994
-184.09371848503574 111826.79000000002
-217.96414774543706 113225.25
-237.08340513014602 114635.33000000002
-254.82330695260436 116057.07000000005
-238.1067647334037 117490.51000000001
-256.31113818705313 118935.69999999998
-171.75917157931363 120392.69999999998
-123.39205092263481 121861.55000000002
-123.16531264603026 123342.30000000002
-123.2666421658832 124835.0
-120.86953000445442 126339.68999999997
-125.83534204435372 127856.41999999995
-118.02722350411717 129385.25
-120.97760573750452 130926.20999999998
-119.45483644633056 132479.35999999993
-112.63730221348843 134044.74
-114.02706987373688 135622.40999999997
-120.37236362747218 137212.40999999997
-114.83759997722453 138814.79
-118.45635722876901 140429.59000000003
-109.78649905241465 142056.87000000005
-113.13834377650441 143696.66999999998
-114.68540111995644 145349.04
-111.56066548626953 147014.03
-113.67748036484153 148691.68999999997
-109.48241388144298 150382.06000000003
-106.50344421614362 152085.18999999997
-104.84215265391101 153801.14000000007
-111.58477135257856 155529.93999999997
-106.44626674272811 157271.66
-104.74178626323521 159026.32
-106.60792605304557 160793.99
-105.87839825324647 162574.71
-107.7973982941036 164368.52999999997
-100.69905635446891 166175.49000000005
-106.15200559357667 167995.64999999997
-103.27937166424594 169829.05
-111.34831721557141 171675.75
-119.94569219393203 173535.77999999997
-126.41283788154355 175409.20000000004
-171.93163638288468 179196.39000000007
-197.4565627352386 181110.25
-223.41752997277683 183037.70000000004
-254.5030054784441 184978.77000000002
-278.8464754972558 186933.52000000002
-289.30128805482065 188901.99000000002
-334.64838268846495 190884.23000000004
-379.3950169741485 192880.29
-433.1907129849868 194890.22000000006
-506.6478077943479 196914.06000000003
-566.5772794765513 198951.8599999999
-586.1631293079926 201003.68000000002
-732.706432693518 203069.54999999996
-857.2455987248238 205149.52999999994
-988.7766261694361 207243.66000000003
-1132.0721880803123 209352.0
-1269.7133836102716 211474.58999999997
-1419.2565448086607 213611.47999999998
-1657.4563883937562 215762.71
-1803.3616453423967 217928.33999999997
-2000.127935574018 220108.41000000003
-2192.775582869729 222302.9700000001
-2497.8513706948643 224512.06999999995
-2688.9671675100703 226735.75999999995
-2986.9330276274386 228974.08000000005
-3227.2879456445116 231227.08999999997
-3402.1792489300105 233494.81999999995
-3690.5397261077546 235777.3399999999
-3919.4668816339376 238074.68000000005
-4176.973956847935 240386.89999999997
-4443.729456482881 242714.04
-4722.163045417926 245056.14999999997
-4984.978256772406 247413.27000000002
-5259.065161417421 249785.47000000012
-5519.445155626889 252172.77999999988
-5782.176443466767 254575.25
-6036.6414443227595 256992.93999999997
-6289.116686216013 259425.87999999995
-6532.9530252139975 261874.12999999995
-6769.291516339376 264337.73
-7005.0770467648545 266816.7400000001
-7239.410979279959 269311.20000000007
-7480.983021903324 271821.14999999997
-7723.8792776309165 274346.66000000003
-7975.328424899295 276887.75
-8231.215848992952 279444.4900000001
-8494.965509013091 282016.92
-8757.039441641491 284605.08999999997
-9017.599834378148 287209.04999999993
-9283.523166905841 289828.83999999997
-9552.091507112287 292464.52
-9815.140573036253 295116.12000000005
-10079.650087550353 297783.71
-10343.98105533736 300467.32
-10604.891100075527 303167.0
-10866.727440835852 305882.80999999994
-11124.837697129911 308614.79
-11380.237261329306 311362.9900000001
-11636.035563821752 314127.45000000007
-11883.944828801612 316908.23
-12136.488240936555 319705.37000000005
-12384.155952542798 322518.92
-12626.222838746224 325348.94000000006
-12870.681185297079 328195.45000000007
-13108.718308912386 331058.53000000014
-13347.946496601207 333938.20000000007
-13583.405162890233 336834.53000000014
-13814.138696752267 339747.54999999993
-14045.306508182275 342677.33
-14272.290799974822 345623.89
-14495.223998237663 348587.29999999993
-14717.293310171199 351567.5999999999
-14936.57804519134 354564.8399999999
-15154.623939702922 357579.07
-15369.006537009065 360610.33
-15579.357299093655 363658.67
-15788.27179733132 366724.14
-15995.87427152568 369806.79999999993
-16197.607574899293 372906.68
-16401.033331445116 376023.83
