avg_press    volume
nan 43532.16100000001
nan 44278.88700000001
nan 45034.104
nan 45797.859
nan 46570.202000000005
nan 47351.17899999999
2494.984621889951 48140.83900000001
1894.5691138562763 48939.229999999996
1465.2026170625365 49746.40000000001
nan 50562.39599999999
1072.836210388512 51387.267
900.7375436713565 52221.060999999994
694.7491678645406 53063.82499999998
590.7028859469464 53915.60899999999
426.2761929695195 54776.45900000003
294.2065849253941 55646.424
317.61609739798354 56525.550999999985
171.80511024941276 57413.89000000001
83.00438643603096 58311.48699999999
0.9421712623728594 59218.39100000003
-150.18202880629028 60134.648999999976
-144.84407080507592 61060.310999999994
-98.85104868062386 61995.42299999998
-15.358174171496424 62940.034
-67.72829225702864 63894.192
nan 64857.944
69.03036333654175 65831.33900000002
-242.9004360161596 66814.42500000002
-376.4882377995141 67807.25
-102.82311482535486 68809.86199999998
-153.8583811703764 69822.30799999999
-205.86721200711278 70844.637
-362.0554325926198 71876.897
-405.7407999568054 72919.13599999998
-378.4315011432313 73971.40099999998
-399.26239156228473 75033.741
-334.16066798076 76106.20400000001
-335.75120213340637 77188.83700000003
-326.05339210851554 78281.68999999997
-346.5142966386606 79384.80899999998
-308.18915648633276 80498.24299999999
-316.2223023922996 81622.04000000001
-252.34041414567244 82756.24699999999
-253.44857012341984 83900.91299999997
-339.6937954113129 85056.08599999998
-298.76995155148546 86221.814
-205.0349676235671 87398.14400000001
-248.68260170934988 88585.12600000002
-327.6528296963978 89782.80600000003
-187.70876457439576 90991.23199999999
-181.74290226014702 92210.45399999998
-179.518699041893 93440.51800000001
-173.85755940811 94681.473
-176.95096941475956 95933.36700000003
-183.19928345254533 97196.24799999998
-168.19107109630113 98470.16299999997
-167.51461863989917 99755.16100000001
-167.0900936306105 101051.29000000002
-154.17530840601472 102358.6
-153.63936282259365 103677.12999999998
-143.98298827190936 105006.93999999997
-134.61555800345883 106348.07000000005
-132.31822069335158 107700.58000000002
-126.06423199977229 109064.5
-109.85989253481999 110439.88999999994
-115.96479651311921 111826.79000000002
-109.22872460527518 113225.25
-98.88088782573249 114635.33000000002
-97.03608590221879 116057.07000000005
-93.80537419034366 117490.51000000001
-95.61015332831067 118935.69999999998
-87.80857710514843 120392.69999999998
-86.12778013402946 121861.55000000002
-163.45440143137256 123342.30000000002
-72.87402573485863 124835.0
-78.07065473241718 126339.68999999997
nan 127856.41999999998
-67.19406888430261 129385.25
-64.57621680980048 130926.20999999998
-64.58698832553411 132479.35999999993
-57.377364707979986 134044.74
-61.5784183344718 135622.40999999997
-64.1758667132456 137212.40999999997
-58.593267140459645 138814.79
-53.11499539467746 140429.59000000003
-58.12267076320984 142056.87000000005
-55.901887700850835 143696.66999999998
-64.39989661295633 145349.04
-61.68973296330564 147014.03
nan nan
-60.07695816252517 150382.06000000003
-58.42814863651007 152085.18999999997
-66.30377789148326 153801.14000000007
-62.984165688671105 155529.93999999997
-59.805366069021 157271.66
-71.33968429640039 159026.32
-61.3771969259314 160793.99
-65.3006289369917 162574.71
-72.30793739759748 164368.52999999997
-66.6084185582326 166175.49000000005
-67.7169498961059 167995.64999999997
-76.99814174478641 169829.05
-74.94507034499043 171675.75
-78.3842611226191 173535.77999999997
-80.40776037114689 175409.20000000004
-119.19846518013833 179196.39000000007
-95.84065506160265 181110.25
-114.28464081334727 183037.70000000004
-116.04791736003071 184978.76999999996
-133.69659997174028 186933.51999999996
-149.56383743178907 188901.99000000002
-166.42842069736915 190884.23000000004
-199.0250580441456 192880.29
-224.0449339815523 194890.22000000006
-255.69611470168158 196914.06000000003
-326.7611070047061 198951.8599999999
-405.3468792254008 201003.68000000002
-518.7379160410977 203069.55
-646.6467513750504 205149.52999999994
-789.857779094436 207243.66000000003
-957.9203250169934 209352.0
nan 211474.59
-1323.6957258522157 213611.47999999998
-1523.4428558345921 215762.71
-1727.817653521712 217928.33999999997
-1950.437738343404 220108.41000000003
-2174.9437494083586 222302.97000000012
-2384.258025679475 224512.06999999998
-2623.807586820242 226735.75999999995
-2865.3245099194364 228974.08000000005
-3119.5757368705945 231227.08999999997
-3379.0849838620343 233494.81999999995
-3638.6498822759313 235777.3399999999
-3903.897743353474 238074.68000000005
-4172.696590735146 240386.89999999997
-4444.534651491676 242714.04000000004
-4712.0097604607245 245056.14999999997
-4978.382862336354 247413.27000000002
-5250.476760737663 249785.47000000012
-5513.357605677241 252172.77999999988
-5778.767790156093 254575.25
-6041.880823967774 256992.93999999997
-6302.754710951663 259425.87999999995
-6564.925020871099 261874.12999999995
-6821.794376032225 264337.73
-7080.39874056056 266816.7400000001
-7337.816894322758 269311.20000000007
-7590.595517207956 271821.14999999997
-7844.7774856243705 274346.66000000003
-8102.926254544311 276887.75
-8365.514727089627 279444.4900000001
-8620.256205236657 282016.92
-8877.520505296307 284605.08999999997
-9135.30138469285 287209.04999999993
-9397.682774487143 289828.83999999997
-9651.808519939577 292464.52
-9909.058892799596 295116.12000000005
-10167.463230299598 297783.71
-10421.236418630413 300467.32
-10679.043089123867 303167.0
-10930.691319612286 305882.80999999994
-11185.399617321249 308614.79
-11434.607274043303 311362.9900000001
-11685.973066339377 314127.45000000007
-11936.182362663645 316908.23
-12180.8781617573 319705.37000000005
-12421.524822507554 322518.92
-12667.317096173212 325348.94000000006
-12907.272684038267 328195.45000000007
-13141.745746097684 331058.53000000014
-13376.583249370595 333938.20000000007
-13610.203978096677 336834.53000000014
-13839.214168932529 339747.54999999993
-14067.176962361531 342677.33
-14291.30287802115 345623.89
-14512.836134441088 348587.29999999993
-14733.506341012084 351567.5999999999
-14947.988235397785 354564.8399999999
-15162.460863922457 357579.07
-15372.549708710978 360610.33
-15581.061775302114 363658.67
-15786.34655740181 366724.14
-15988.811012336357 369806.79999999993
-16187.203065584088 372906.68
-16381.180777190331 376023.83
