avg_press    volume
1198697.9805261833 14580.432
nan 14941.467000000002
933959.6925910179 15308.413000000002
821873.6637953682 15681.318000000001
722621.2104984894 16060.230000000003
634751.7490420443 16445.196999999993
558622.2170078047 16836.268000000004
488310.9136996476 17233.489
431692.588776435 17636.91
376055.64652190334 18046.578000000005
333642.9013947633 18462.54200000001
285496.85929506546 18884.848
249719.84593529705 19313.545999999995
219276.34318605237 19748.682999999997
204006.95661253776 20190.307000000008
177436.08349446123 20638.466000000004
152799.60664149042 21093.208999999995
131491.29162134946 21554.58299999999
113342.10180639477 22022.636
98433.12291226082 22497.41600000001
86251.280637714 22978.970999999998
76835.84927719033 23467.35
66120.02310196374 23962.59899999999
56123.3111851712 24464.767999999996
49272.89032892749 24973.904
43988.39220480866 25490.056
38166.401092648535 26013.270000000004
33462.03385422961 26543.596
30913.089931520644 27081.081000000002
30060.593346173213 27625.772999999986
26330.899270518632 28177.721
22949.103536505536 28736.971
18615.640028700906 29303.57299999999
21173.770227719033 29877.574000000008
18904.40391616314 30459.022000000004
15991.619826913395 31047.965000000015
14948.50696664149 31644.451999999997
12367.262676334341 32248.52899999999
11440.152544222055 32860.24599999999
10838.23002064451 33479.651000000005
9153.980785108259 34106.78999999999
8996.038491830312 34741.712
8329.057383610272 35384.46600000001
7348.486763859517 36035.098999999995
6346.83518483132 36693.65899999999
6501.530162411884 37360.195
7381.603912059417 38034.75300000001
6759.420925100704 38717.383000000016
6274.938406570997 39408.13199999999
6085.708243303122 40107.048
5623.327778688318 40814.179
5119.771552844914 41529.57400000001
4459.573218731118 42253.28000000001
4863.011289262336 42985.34499999999
4132.247044864048 43725.817
4142.001142623363 44474.743999999984
4114.458737550352 45232.17500000001
3843.9302308282986 45998.155999999995
3953.4049358761326 46772.737
3979.65097606999 47555.96499999998
3811.238588884693 48347.888999999996
3620.84353576284 49148.555000000015
3516.0571795820747 49958.013
3357.911159264854 50776.31000000001
3248.7417794989933 51603.493999999984
3598.1584188192346 52439.61300000001
3473.699247620846 53284.71600000001
3308.5798911253773 54138.84999999999
3134.6293330815706 55002.062999999995
2918.2730020644512 55874.40300000002
2711.2489922734144 56755.917999999976
2482.0412449634946 57646.657
2248.1609566188317 58546.66599999997
2194.51569905715 59455.994999999995
2144.086955771651 60374.691000000006
1807.0714478499494 61302.80299999998
1483.6636923663143 62240.376999999986
1143.2127427573012 63187.462999999996
800.9378952080564 64144.108
828.8723017537903 65110.35999999999
510.6195706293384 66086.26800000001
240.9822563036352 67071.87800000001
83.77846687912965 68067.24
99.3207354680589 69072.40099999998
140.24279459668338 70087.409
202.65139650176863 71112.31200000002
421.44898439139405 72147.159
554.7280835248033 73191.99600000001
644.4029907176098 74246.87300000002
711.9326522399597 75311.838
760.5332015327417 76386.93700000002
814.9539508091522 77472.21900000001
842.6888281164439 78567.733
871.5878963590509 79673.526
893.1561894644996 80789.64599999998
904.4833508650239 81916.142
922.2562501713797 83053.06000000003
925.0764534731621 84200.44999999998
935.1669676135574 85358.35899999997
932.7966236188317 86526.83499999999
935.1207451279582 87705.92599999999
937.8509863279331 88895.68100000003
925.360828818001 90096.14699999997
924.9194136336858 91307.37199999999
916.4095790335348 92529.40400000002
917.0815821443858 93762.291
903.4840367493707 95006.08199999997
903.1241028597357 96260.823
897.2788813302116 97526.564
882.5420292280338 98803.35199999997
871.2871812791036 100091.23999999999
872.1252454214629 101390.26000000001
859.9683487489048 102700.48
852.9182410104204 104021.93999999997
844.0209081855463 105354.67999999995
824.5643082672834 106698.76000000001
818.3143729488924 108054.21999999999
812.717499189275 109421.12000000002
802.9800209971928 110799.48999999999
794.5203903088999 112189.38999999994
774.2616758840194 113590.87000000002
762.1108554962362 115003.95999999998
757.7060556320871 116428.73
742.0608197982629 117865.21999999999
732.1029665419057 119313.48
719.1294808564955 120773.55000000002
714.0906798357378 122245.48
734.3605207669209 123729.33000000005
871.9234775073012 125225.13999999994
1051.2886284768379 126732.94999999998
1056.2832187399295 128252.81000000003
1055.672416163142 129784.79000000002
1051.5940682250755 131328.90999999997
1046.732427800856 132885.23
1046.6020564388218 134453.80000000002
1042.8660582666164 136034.65999999997
1034.8688613318227 137627.87000000005
1026.1338436555893 139233.46
1024.7346596487916 140851.5
1019.0721899874119 142482.02
1022.9567440861027 144125.08000000002
1022.8116026321752 147449.0
1030.0440887197885 149129.94999999998
1061.8721204506546 150823.62999999995
574.2102606330564 152530.09
-431.235163148716 154249.37000000005
-1512.5269903952667 155981.52
-2567.9820478726083 157726.59
-3609.7307931646524 159484.62000000005
-4628.579681545821 161255.66999999998
-5630.687046626384 163039.79
-6615.708437852468 164837.00999999995
-7569.222336077543 166647.39999999997
-8500.676424534238 168470.99000000005
-9413.176242912892 170307.84
-10306.084530224069 172157.99000000005
-11180.618227844914 174021.49000000005
-12038.668782980867 175898.39000000007
-12871.287819864048 177788.74000000005
-13688.852576661631 179692.58000000005
-14492.110939828803 181609.97000000006
-15274.813018756295 183540.95
-16042.484042170192 185485.56000000003
-16794.44333182276 187443.87000000005
-17527.820224697887 189415.91
-18250.234359390735 191401.72999999998
-18957.283087865057 193401.37999999995
-19649.278883685798 195414.91999999995
-20326.089926359517 197442.37999999995
-20990.13010460725 199483.81000000003
-21643.040561430014 201539.27000000002
-22281.42909151561 203608.8
-22907.717328675728 205692.45
-23524.491902190333 207790.27000000002
-24126.754030337364 209902.29999999993
-24721.44058006042 212028.58999999997
-25305.395652693856 214169.20000000007
-25876.577157099695 216324.16000000003
-26439.164474823767 218493.52999999988
-26990.020317220544 220677.3599999999
-27536.900012210477 222875.68999999997
-28070.558400176233 225088.56999999995
-28596.00343932527 227316.04999999993
-29114.224605236657 229558.18000000005
-29623.340217145014 231815.00999999995
-30122.780636077547 234086.56999999995
-30614.608310926487 236372.93000000005
-31094.543001510574 238674.12999999995
-31572.95878914904 240990.21
-32036.66016289023 243321.22999999998
-32498.476056143005 245667.22999999998
-32948.239341012086 248028.27000000002
-33387.90898074018 250404.37999999995
-33823.51668592648 252795.62000000005
-34254.636295568984 255202.04
-34672.913138595155 257623.66999999995
-35083.52434201914 260060.58000000005
-35497.77549106244 262512.81
-35892.599162009064 264980.41000000003
-36287.795193857 267463.42
-36676.89473036254 269961.8900000001
-37060.6695628147 272475.87999999995
-37437.8736076284 275005.43000000005
-37811.50424219537 277550.58
-38177.33546978852 280111.3900000001
-38536.327639979856 282687.89999999997
-38891.705747482374 285280.16000000003
-39241.44471399798 287888.21999999986
-39584.531809415916 290512.12999999995
-39922.24541578549 293151.93000000005
-40254.055729103726 295807.68000000005
-40579.802404078546 298479.41000000003
-40902.21703323263 301167.19000000006
-41218.204074899295 303871.05999999994
-41528.850478096676 306591.04999999993
-41833.56603612789 309327.2400000001
-42134.23332112286 312079.65
-42429.18227366566 314848.33999999997
-42718.19514287512 317633.36
-43003.79272343907 320434.7599999999
-43282.63082288519 323252.58
-43557.91482200402 326086.87000000005
-43827.89168794059 328937.68
-44092.59876409869 331805.04999999993
-44353.27263104229 334689.04
-44609.83588897282 337589.70000000007
-44860.07195115811 340507.05999999994
-45108.07044901812 343441.19000000006
-45350.83879103726 346392.12000000005
-45588.56937223061 349359.91000000003
-45822.381858131914 352344.5999999999
-46052.14834013092 355346.2400000001
-46277.64325717522 358364.87999999995
-46498.35575591642 361400.57
-46715.34240546324 364453.35
-46927.67992824774 367523.28000000014
-47137.406217270895 370610.4
-47340.60241402317 373714.75
-47541.6116851712 376836.4
-47739.004191591135 379975.37999999995
-47930.96879128902 383131.7400000001
